Theta [deg.]  Phi   [deg.]  Abs(Dir.)[dBi   ]   Abs(Theta)[dBi   ]  Phase(Theta)[deg.]  Abs(Phi  )[dBi   ]  Phase(Phi  )[deg.]  Ax.Ratio[dB    ]    
------------------------------------------------------------------------------------------------------------------------------------------------------
   0.000           0.000            7.586e+00           7.586e+00             237.689          -1.250e+02             158.262           4.000e+01     
   1.000           0.000            7.577e+00           7.577e+00             237.801          -1.256e+02             159.788           4.000e+01     
   2.000           0.000            7.564e+00           7.564e+00             237.916          -1.263e+02             161.612           4.000e+01     
   3.000           0.000            7.547e+00           7.547e+00             238.034          -1.269e+02             163.811           4.000e+01     
   4.000           0.000            7.526e+00           7.526e+00             238.156          -1.277e+02             166.480           4.000e+01     
   5.000           0.000            7.501e+00           7.501e+00             238.280          -1.285e+02             169.744           4.000e+01     
   6.000           0.000            7.472e+00           7.472e+00             238.408          -1.293e+02             173.760           4.000e+01     
   7.000           0.000            7.439e+00           7.439e+00             238.539          -1.301e+02             178.716           4.000e+01     
   8.000           0.000            7.402e+00           7.402e+00             238.673          -1.310e+02             184.823           4.000e+01     
   9.000           0.000            7.360e+00           7.360e+00             238.810          -1.318e+02             192.261           4.000e+01     
  10.000           0.000            7.315e+00           7.315e+00             238.950          -1.324e+02             201.089           4.000e+01     
  11.000           0.000            7.266e+00           7.266e+00             239.093          -1.329e+02             211.099           4.000e+01     
  12.000           0.000            7.213e+00           7.213e+00             239.238          -1.330e+02             221.731           4.000e+01     
  13.000           0.000            7.155e+00           7.155e+00             239.387          -1.328e+02             232.187           4.000e+01     
  14.000           0.000            7.095e+00           7.095e+00             239.537          -1.323e+02             241.733           4.000e+01     
  15.000           0.000            7.030e+00           7.030e+00             239.691          -1.317e+02             249.950           4.000e+01     
  16.000           0.000            6.961e+00           6.961e+00             239.846          -1.309e+02             256.752           4.000e+01     
  17.000           0.000            6.889e+00           6.889e+00             240.004          -1.301e+02             262.260           4.000e+01     
  18.000           0.000            6.813e+00           6.813e+00             240.165          -1.294e+02             266.677           4.000e+01     
  19.000           0.000            6.733e+00           6.733e+00             240.327          -1.286e+02             270.206           4.000e+01     
  20.000           0.000            6.650e+00           6.650e+00             240.492          -1.279e+02             273.025           4.000e+01     
  21.000           0.000            6.563e+00           6.563e+00             240.658          -1.273e+02             275.278           4.000e+01     
  22.000           0.000            6.472e+00           6.472e+00             240.826          -1.266e+02             277.075           4.000e+01     
  23.000           0.000            6.378e+00           6.378e+00             240.996          -1.261e+02             278.506           4.000e+01     
  24.000           0.000            6.281e+00           6.281e+00             241.168          -1.256e+02             279.636           4.000e+01     
  25.000           0.000            6.180e+00           6.180e+00             241.340          -1.251e+02             280.519           4.000e+01     
  26.000           0.000            6.076e+00           6.076e+00             241.515          -1.246e+02             281.195           4.000e+01     
  27.000           0.000            5.969e+00           5.969e+00             241.690          -1.242e+02             281.697           4.000e+01     
  28.000           0.000            5.858e+00           5.858e+00             241.867          -1.238e+02             282.051           4.000e+01     
  29.000           0.000            5.745e+00           5.745e+00             242.044          -1.235e+02             282.277           4.000e+01     
  30.000           0.000            5.628e+00           5.628e+00             242.222          -1.232e+02             282.391           4.000e+01     
  31.000           0.000            5.509e+00           5.509e+00             242.401          -1.229e+02             282.409           4.000e+01     
  32.000           0.000            5.386e+00           5.386e+00             242.581          -1.226e+02             282.340           4.000e+01     
  33.000           0.000            5.261e+00           5.261e+00             242.760          -1.224e+02             282.194           4.000e+01     
  34.000           0.000            5.133e+00           5.133e+00             242.941          -1.221e+02             281.979           4.000e+01     
  35.000           0.000            5.002e+00           5.002e+00             243.121          -1.219e+02             281.702           4.000e+01     
  36.000           0.000            4.869e+00           4.869e+00             243.301          -1.218e+02             281.368           4.000e+01     
  37.000           0.000            4.733e+00           4.733e+00             243.481          -1.216e+02             280.981           4.000e+01     
  38.000           0.000            4.595e+00           4.595e+00             243.660          -1.214e+02             280.546           4.000e+01     
  39.000           0.000            4.454e+00           4.454e+00             243.839          -1.213e+02             280.066           4.000e+01     
  40.000           0.000            4.312e+00           4.312e+00             244.017          -1.212e+02             279.543           4.000e+01     
  41.000           0.000            4.167e+00           4.167e+00             244.195          -1.211e+02             278.981           4.000e+01     
  42.000           0.000            4.020e+00           4.020e+00             244.371          -1.210e+02             278.381           4.000e+01     
  43.000           0.000            3.871e+00           3.871e+00             244.546          -1.209e+02             277.746           4.000e+01     
  44.000           0.000            3.721e+00           3.721e+00             244.720          -1.209e+02             277.076           4.000e+01     
  45.000           0.000            3.568e+00           3.568e+00             244.893          -1.208e+02             276.373           4.000e+01     
  46.000           0.000            3.414e+00           3.414e+00             245.064          -1.208e+02             275.637           4.000e+01     
  47.000           0.000            3.258e+00           3.258e+00             245.233          -1.208e+02             274.870           4.000e+01     
  48.000           0.000            3.101e+00           3.101e+00             245.400          -1.208e+02             274.073           4.000e+01     
  49.000           0.000            2.943e+00           2.943e+00             245.564          -1.208e+02             273.245           4.000e+01     
  50.000           0.000            2.784e+00           2.784e+00             245.727          -1.208e+02             272.387           4.000e+01     
  51.000           0.000            2.623e+00           2.623e+00             245.887          -1.208e+02             271.499           4.000e+01     
  52.000           0.000            2.461e+00           2.461e+00             246.045          -1.208e+02             270.582           4.000e+01     
  53.000           0.000            2.299e+00           2.299e+00             246.200          -1.209e+02             269.635           4.000e+01     
  54.000           0.000            2.136e+00           2.136e+00             246.351          -1.209e+02             268.657           4.000e+01     
  55.000           0.000            1.972e+00           1.972e+00             246.500          -1.210e+02             267.649           4.000e+01     
  56.000           0.000            1.808e+00           1.808e+00             246.645          -1.211e+02             266.609           4.000e+01     
  57.000           0.000            1.643e+00           1.643e+00             246.787          -1.211e+02             265.537           4.000e+01     
  58.000           0.000            1.478e+00           1.478e+00             246.926          -1.212e+02             264.432           4.000e+01     
  59.000           0.000            1.313e+00           1.313e+00             247.060          -1.213e+02             263.292           4.000e+01     
  60.000           0.000            1.147e+00           1.147e+00             247.191          -1.215e+02             262.117           4.000e+01     
  61.000           0.000            9.823e-01           9.823e-01             247.318          -1.216e+02             260.904           4.000e+01     
  62.000           0.000            8.174e-01           8.174e-01             247.440          -1.217e+02             259.653           4.000e+01     
  63.000           0.000            6.528e-01           6.528e-01             247.558          -1.218e+02             258.360           4.000e+01     
  64.000           0.000            4.887e-01           4.887e-01             247.672          -1.220e+02             257.024           4.000e+01     
  65.000           0.000            3.251e-01           3.251e-01             247.780          -1.222e+02             255.641           4.000e+01     
  66.000           0.000            1.622e-01           1.622e-01             247.884          -1.223e+02             254.210           4.000e+01     
  67.000           0.000            1.351e-04           1.351e-04             247.983          -1.225e+02             252.726           4.000e+01     
  68.000           0.000           -1.610e-01          -1.610e-01             248.077          -1.227e+02             251.187           4.000e+01     
  69.000           0.000           -3.212e-01          -3.212e-01             248.166          -1.229e+02             249.588           4.000e+01     
  70.000           0.000           -4.802e-01          -4.802e-01             248.249          -1.231e+02             247.924           4.000e+01     
  71.000           0.000           -6.380e-01          -6.380e-01             248.326          -1.233e+02             246.191           4.000e+01     
  72.000           0.000           -7.944e-01          -7.944e-01             248.398          -1.235e+02             244.384           4.000e+01     
  73.000           0.000           -9.494e-01          -9.494e-01             248.465          -1.237e+02             242.497           4.000e+01     
  74.000           0.000           -1.103e+00          -1.103e+00             248.525          -1.240e+02             240.524           4.000e+01     
  75.000           0.000           -1.255e+00          -1.255e+00             248.579          -1.242e+02             238.457           4.000e+01     
  76.000           0.000           -1.405e+00          -1.405e+00             248.627          -1.245e+02             236.291           4.000e+01     
  77.000           0.000           -1.553e+00          -1.553e+00             248.669          -1.247e+02             234.017           4.000e+01     
  78.000           0.000           -1.700e+00          -1.700e+00             248.705          -1.250e+02             231.628           4.000e+01     
  79.000           0.000           -1.845e+00          -1.845e+00             248.734          -1.252e+02             229.117           4.000e+01     
  80.000           0.000           -1.987e+00          -1.987e+00             248.757          -1.255e+02             226.475           4.000e+01     
  81.000           0.000           -2.128e+00          -2.128e+00             248.774          -1.257e+02             223.697           4.000e+01     
  82.000           0.000           -2.266e+00          -2.266e+00             248.783          -1.260e+02             220.775           4.000e+01     
  83.000           0.000           -2.403e+00          -2.403e+00             248.786          -1.262e+02             217.704           4.000e+01     
  84.000           0.000           -2.537e+00          -2.537e+00             248.783          -1.265e+02             214.483           4.000e+01     
  85.000           0.000           -2.669e+00          -2.669e+00             248.773          -1.267e+02             211.110           4.000e+01     
  86.000           0.000           -2.800e+00          -2.800e+00             248.756          -1.269e+02             207.589           4.000e+01     
  87.000           0.000           -2.928e+00          -2.928e+00             248.732          -1.271e+02             203.926           4.000e+01     
  88.000           0.000           -3.053e+00          -3.053e+00             248.701          -1.272e+02             200.134           4.000e+01     
  89.000           0.000           -3.177e+00          -3.177e+00             248.664          -1.274e+02             196.227           4.000e+01     
  90.000           0.000           -3.299e+00          -3.299e+00             248.620          -1.275e+02             192.227           4.000e+01     
  91.000           0.000           -3.418e+00          -3.418e+00             248.569          -1.276e+02             188.161           4.000e+01     
  92.000           0.000           -3.536e+00          -3.536e+00             248.511          -1.276e+02             184.056           4.000e+01     
  93.000           0.000           -3.652e+00          -3.652e+00             248.447          -1.276e+02             179.945           4.000e+01     
  94.000           0.000           -3.766e+00          -3.766e+00             248.376          -1.276e+02             175.859           4.000e+01     
  95.000           0.000           -3.878e+00          -3.878e+00             248.299          -1.276e+02             171.831           4.000e+01     
  96.000           0.000           -3.989e+00          -3.989e+00             248.215          -1.275e+02             167.891           4.000e+01     
  97.000           0.000           -4.098e+00          -4.098e+00             248.124          -1.274e+02             164.063           4.000e+01     
  98.000           0.000           -4.206e+00          -4.206e+00             248.027          -1.272e+02             160.369           4.000e+01     
  99.000           0.000           -4.313e+00          -4.313e+00             247.924          -1.271e+02             156.826           4.000e+01     
 100.000           0.000           -4.418e+00          -4.418e+00             247.814          -1.269e+02             153.446           4.000e+01     
 101.000           0.000           -4.523e+00          -4.523e+00             247.698          -1.267e+02             150.235           4.000e+01     
 102.000           0.000           -4.626e+00          -4.626e+00             247.576          -1.265e+02             147.197           4.000e+01     
 103.000           0.000           -4.730e+00          -4.730e+00             247.448          -1.263e+02             144.332           4.000e+01     
 104.000           0.000           -4.833e+00          -4.833e+00             247.313          -1.260e+02             141.636           4.000e+01     
 105.000           0.000           -4.935e+00          -4.935e+00             247.173          -1.258e+02             139.104           4.000e+01     
 106.000           0.000           -5.038e+00          -5.038e+00             247.026          -1.256e+02             136.732           4.000e+01     
 107.000           0.000           -5.141e+00          -5.141e+00             246.874          -1.254e+02             134.510           4.000e+01     
 108.000           0.000           -5.245e+00          -5.245e+00             246.715          -1.251e+02             132.433           4.000e+01     
 109.000           0.000           -5.350e+00          -5.350e+00             246.551          -1.249e+02             130.491           4.000e+01     
 110.000           0.000           -5.455e+00          -5.455e+00             246.381          -1.247e+02             128.677           4.000e+01     
 111.000           0.000           -5.562e+00          -5.562e+00             246.204          -1.245e+02             126.983           4.000e+01     
 112.000           0.000           -5.670e+00          -5.670e+00             246.022          -1.243e+02             125.402           4.000e+01     
 113.000           0.000           -5.781e+00          -5.781e+00             245.833          -1.241e+02             123.926           4.000e+01     
 114.000           0.000           -5.893e+00          -5.893e+00             245.638          -1.239e+02             122.551           4.000e+01     
 115.000           0.000           -6.008e+00          -6.008e+00             245.437          -1.237e+02             121.268           4.000e+01     
 116.000           0.000           -6.126e+00          -6.126e+00             245.229          -1.235e+02             120.073           4.000e+01     
 117.000           0.000           -6.247e+00          -6.247e+00             245.015          -1.234e+02             118.961           4.000e+01     
 118.000           0.000           -6.372e+00          -6.372e+00             244.793          -1.232e+02             117.926           4.000e+01     
 119.000           0.000           -6.501e+00          -6.501e+00             244.565          -1.230e+02             116.964           4.000e+01     
 120.000           0.000           -6.634e+00          -6.634e+00             244.328          -1.229e+02             116.072           4.000e+01     
 121.000           0.000           -6.772e+00          -6.772e+00             244.084          -1.228e+02             115.245           4.000e+01     
 122.000           0.000           -6.914e+00          -6.914e+00             243.832          -1.227e+02             114.481           4.000e+01     
 123.000           0.000           -7.063e+00          -7.063e+00             243.570          -1.225e+02             113.775           4.000e+01     
 124.000           0.000           -7.217e+00          -7.217e+00             243.299          -1.224e+02             113.127           4.000e+01     
 125.000           0.000           -7.378e+00          -7.378e+00             243.018          -1.223e+02             112.532           4.000e+01     
 126.000           0.000           -7.546e+00          -7.546e+00             242.726          -1.223e+02             111.989           4.000e+01     
 127.000           0.000           -7.722e+00          -7.722e+00             242.423          -1.222e+02             111.495           4.000e+01     
 128.000           0.000           -7.905e+00          -7.905e+00             242.106          -1.221e+02             111.050           4.000e+01     
 129.000           0.000           -8.097e+00          -8.097e+00             241.775          -1.220e+02             110.651           4.000e+01     
 130.000           0.000           -8.298e+00          -8.298e+00             241.429          -1.220e+02             110.296           4.000e+01     
 131.000           0.000           -8.509e+00          -8.509e+00             241.067          -1.219e+02             109.985           4.000e+01     
 132.000           0.000           -8.731e+00          -8.731e+00             240.685          -1.219e+02             109.717           4.000e+01     
 133.000           0.000           -8.964e+00          -8.964e+00             240.283          -1.219e+02             109.490           4.000e+01     
 134.000           0.000           -9.209e+00          -9.209e+00             239.859          -1.219e+02             109.304           4.000e+01     
 135.000           0.000           -9.466e+00          -9.466e+00             239.409          -1.219e+02             109.158           4.000e+01     
 136.000           0.000           -9.738e+00          -9.738e+00             238.930          -1.219e+02             109.051           4.000e+01     
 137.000           0.000           -1.002e+01          -1.002e+01             238.419          -1.219e+02             108.983           4.000e+01     
 138.000           0.000           -1.033e+01          -1.033e+01             237.873          -1.219e+02             108.954           4.000e+01     
 139.000           0.000           -1.064e+01          -1.064e+01             237.285          -1.219e+02             108.963           4.000e+01     
 140.000           0.000           -1.098e+01          -1.098e+01             236.651          -1.220e+02             109.011           4.000e+01     
 141.000           0.000           -1.134e+01          -1.134e+01             235.964          -1.220e+02             109.100           4.000e+01     
 142.000           0.000           -1.171e+01          -1.171e+01             235.215          -1.220e+02             109.227           4.000e+01     
 143.000           0.000           -1.211e+01          -1.211e+01             234.396          -1.221e+02             109.392           4.000e+01     
 144.000           0.000           -1.253e+01          -1.253e+01             233.495          -1.222e+02             109.599           4.000e+01     
 145.000           0.000           -1.298e+01          -1.298e+01             232.498          -1.223e+02             109.846           4.000e+01     
 146.000           0.000           -1.346e+01          -1.346e+01             231.388          -1.224e+02             110.135           4.000e+01     
 147.000           0.000           -1.397e+01          -1.397e+01             230.145          -1.225e+02             110.467           4.000e+01     
 148.000           0.000           -1.451e+01          -1.451e+01             228.743          -1.226e+02             110.844           4.000e+01     
 149.000           0.000           -1.508e+01          -1.508e+01             227.149          -1.227e+02             111.267           4.000e+01     
 150.000           0.000           -1.570e+01          -1.570e+01             225.324          -1.228e+02             111.738           4.000e+01     
 151.000           0.000           -1.635e+01          -1.635e+01             223.215          -1.230e+02             112.260           4.000e+01     
 152.000           0.000           -1.705e+01          -1.705e+01             220.758          -1.231e+02             112.834           4.000e+01     
 153.000           0.000           -1.778e+01          -1.778e+01             217.868          -1.233e+02             113.464           4.000e+01     
 154.000           0.000           -1.856e+01          -1.856e+01             214.441          -1.234e+02             114.152           4.000e+01     
 155.000           0.000           -1.938e+01          -1.938e+01             210.341          -1.236e+02             114.903           4.000e+01     
 156.000           0.000           -2.022e+01          -2.022e+01             205.409          -1.238e+02             115.720           4.000e+01     
 157.000           0.000           -2.106e+01          -2.106e+01             199.465          -1.240e+02             116.608           4.000e+01     
 158.000           0.000           -2.187e+01          -2.187e+01             192.338          -1.242e+02             117.571           4.000e+01     
 159.000           0.000           -2.257e+01          -2.257e+01             183.938          -1.244e+02             118.616           4.000e+01     
 160.000           0.000           -2.311e+01          -2.311e+01             174.358          -1.246e+02             119.749           4.000e+01     
 161.000           0.000           -2.339e+01          -2.339e+01             163.972          -1.249e+02             120.976           4.000e+01     
 162.000           0.000           -2.338e+01          -2.338e+01             153.415          -1.251e+02             122.305           4.000e+01     
 163.000           0.000           -2.310e+01          -2.310e+01             143.389          -1.254e+02             123.743           4.000e+01     
 164.000           0.000           -2.261e+01          -2.261e+01             134.410          -1.256e+02             125.301           4.000e+01     
 165.000           0.000           -2.199e+01          -2.199e+01             126.702          -1.259e+02             126.987           4.000e+01     
 166.000           0.000           -2.130e+01          -2.130e+01             120.251          -1.262e+02             128.811           4.000e+01     
 167.000           0.000           -2.059e+01          -2.059e+01             114.915          -1.264e+02             130.784           4.000e+01     
 168.000           0.000           -1.991e+01          -1.991e+01             110.514          -1.267e+02             132.916           4.000e+01     
 169.000           0.000           -1.925e+01          -1.925e+01             106.875          -1.270e+02             135.218           4.000e+01     
 170.000           0.000           -1.864e+01          -1.864e+01             103.852          -1.273e+02             137.697           4.000e+01     
 171.000           0.000           -1.808e+01          -1.808e+01             101.326          -1.275e+02             140.364           4.000e+01     
 172.000           0.000           -1.756e+01          -1.756e+01              99.203          -1.278e+02             143.223           4.000e+01     
 173.000           0.000           -1.708e+01          -1.708e+01              97.410          -1.280e+02             146.276           4.000e+01     
 174.000           0.000           -1.665e+01          -1.665e+01              95.889          -1.283e+02             149.522           4.000e+01     
 175.000           0.000           -1.626e+01          -1.626e+01              94.596          -1.285e+02             152.952           4.000e+01     
 176.000           0.000           -1.591e+01          -1.591e+01              93.495          -1.286e+02             156.554           4.000e+01     
 177.000           0.000           -1.559e+01          -1.559e+01              92.559          -1.288e+02             160.306           4.000e+01     
 178.000           0.000           -1.531e+01          -1.531e+01              91.765          -1.289e+02             164.179           4.000e+01     
 179.000           0.000           -1.507e+01          -1.507e+01              91.096          -1.290e+02             168.139           4.000e+01     
 180.000           0.000           -1.485e+01          -1.485e+01              90.538          -1.290e+02             172.151           4.000e+01     
   0.000           1.000            7.586e+00           7.585e+00             237.689          -2.758e+01              57.689           4.000e+01     
   1.000           1.000            7.577e+00           7.576e+00             237.801          -2.759e+01              57.813           4.000e+01     
   2.000           1.000            7.564e+00           7.563e+00             237.916          -2.761e+01              57.922           4.000e+01     
   3.000           1.000            7.547e+00           7.546e+00             238.034          -2.763e+01              58.014           4.000e+01     
   4.000           1.000            7.526e+00           7.525e+00             238.156          -2.765e+01              58.091           4.000e+01     
   5.000           1.000            7.501e+00           7.500e+00             238.280          -2.767e+01              58.151           4.000e+01     
   6.000           1.000            7.472e+00           7.471e+00             238.408          -2.770e+01              58.194           4.000e+01     
   7.000           1.000            7.439e+00           7.437e+00             238.539          -2.773e+01              58.221           4.000e+01     
   8.000           1.000            7.402e+00           7.400e+00             238.673          -2.777e+01              58.231           4.000e+01     
   9.000           1.000            7.360e+00           7.359e+00             238.810          -2.780e+01              58.225           4.000e+01     
  10.000           1.000            7.315e+00           7.314e+00             238.950          -2.784e+01              58.202           4.000e+01     
  11.000           1.000            7.266e+00           7.264e+00             239.093          -2.789e+01              58.162           4.000e+01     
  12.000           1.000            7.213e+00           7.211e+00             239.239          -2.793e+01              58.106           4.000e+01     
  13.000           1.000            7.155e+00           7.154e+00             239.387          -2.798e+01              58.032           4.000e+01     
  14.000           1.000            7.095e+00           7.093e+00             239.538          -2.803e+01              57.942           4.000e+01     
  15.000           1.000            7.030e+00           7.028e+00             239.691          -2.809e+01              57.835           4.000e+01     
  16.000           1.000            6.961e+00           6.960e+00             239.847          -2.814e+01              57.712           4.000e+01     
  17.000           1.000            6.889e+00           6.887e+00             240.005          -2.820e+01              57.572           4.000e+01     
  18.000           1.000            6.813e+00           6.811e+00             240.165          -2.827e+01              57.415           4.000e+01     
  19.000           1.000            6.733e+00           6.732e+00             240.328          -2.833e+01              57.241           4.000e+01     
  20.000           1.000            6.650e+00           6.648e+00             240.492          -2.840e+01              57.051           4.000e+01     
  21.000           1.000            6.563e+00           6.561e+00             240.659          -2.847e+01              56.845           4.000e+01     
  22.000           1.000            6.472e+00           6.471e+00             240.827          -2.854e+01              56.622           4.000e+01     
  23.000           1.000            6.378e+00           6.377e+00             240.997          -2.861e+01              56.383           4.000e+01     
  24.000           1.000            6.281e+00           6.279e+00             241.168          -2.869e+01              56.129           4.000e+01     
  25.000           1.000            6.180e+00           6.179e+00             241.341          -2.877e+01              55.858           4.000e+01     
  26.000           1.000            6.076e+00           6.075e+00             241.516          -2.885e+01              55.571           4.000e+01     
  27.000           1.000            5.969e+00           5.967e+00             241.691          -2.893e+01              55.269           4.000e+01     
  28.000           1.000            5.858e+00           5.857e+00             241.868          -2.902e+01              54.952           4.000e+01     
  29.000           1.000            5.745e+00           5.743e+00             242.045          -2.910e+01              54.620           4.000e+01     
  30.000           1.000            5.628e+00           5.627e+00             242.224          -2.919e+01              54.272           4.000e+01     
  31.000           1.000            5.509e+00           5.507e+00             242.403          -2.928e+01              53.910           4.000e+01     
  32.000           1.000            5.386e+00           5.385e+00             242.582          -2.938e+01              53.533           4.000e+01     
  33.000           1.000            5.261e+00           5.259e+00             242.762          -2.947e+01              53.142           4.000e+01     
  34.000           1.000            5.133e+00           5.131e+00             242.942          -2.956e+01              52.736           4.000e+01     
  35.000           1.000            5.002e+00           5.001e+00             243.122          -2.966e+01              52.317           4.000e+01     
  36.000           1.000            4.869e+00           4.867e+00             243.302          -2.976e+01              51.884           4.000e+01     
  37.000           1.000            4.733e+00           4.732e+00             243.482          -2.986e+01              51.438           4.000e+01     
  38.000           1.000            4.595e+00           4.593e+00             243.662          -2.996e+01              50.979           4.000e+01     
  39.000           1.000            4.455e+00           4.453e+00             243.841          -3.006e+01              50.507           4.000e+01     
  40.000           1.000            4.312e+00           4.310e+00             244.019          -3.016e+01              50.022           4.000e+01     
  41.000           1.000            4.167e+00           4.165e+00             244.197          -3.027e+01              49.525           4.000e+01     
  42.000           1.000            4.020e+00           4.019e+00             244.373          -3.037e+01              49.016           4.000e+01     
  43.000           1.000            3.871e+00           3.870e+00             244.548          -3.048e+01              48.495           4.000e+01     
  44.000           1.000            3.721e+00           3.719e+00             244.722          -3.059e+01              47.963           4.000e+01     
  45.000           1.000            3.568e+00           3.567e+00             244.895          -3.069e+01              47.419           4.000e+01     
  46.000           1.000            3.414e+00           3.413e+00             245.066          -3.080e+01              46.864           4.000e+01     
  47.000           1.000            3.259e+00           3.257e+00             245.235          -3.091e+01              46.299           4.000e+01     
  48.000           1.000            3.102e+00           3.100e+00             245.402          -3.102e+01              45.723           4.000e+01     
  49.000           1.000            2.943e+00           2.942e+00             245.567          -3.113e+01              45.137           4.000e+01     
  50.000           1.000            2.784e+00           2.782e+00             245.729          -3.124e+01              44.541           4.000e+01     
  51.000           1.000            2.623e+00           2.622e+00             245.890          -3.135e+01              43.935           4.000e+01     
  52.000           1.000            2.462e+00           2.460e+00             246.047          -3.146e+01              43.320           4.000e+01     
  53.000           1.000            2.299e+00           2.297e+00             246.202          -3.158e+01              42.695           4.000e+01     
  54.000           1.000            2.136e+00           2.134e+00             246.354          -3.169e+01              42.061           4.000e+01     
  55.000           1.000            1.972e+00           1.970e+00             246.502          -3.180e+01              41.419           4.000e+01     
  56.000           1.000            1.808e+00           1.806e+00             246.648          -3.191e+01              40.768           4.000e+01     
  57.000           1.000            1.643e+00           1.641e+00             246.790          -3.202e+01              40.108           4.000e+01     
  58.000           1.000            1.478e+00           1.476e+00             246.928          -3.214e+01              39.441           4.000e+01     
  59.000           1.000            1.313e+00           1.311e+00             247.063          -3.225e+01              38.766           4.000e+01     
  60.000           1.000            1.148e+00           1.146e+00             247.193          -3.236e+01              38.082           3.977e+01     
  61.000           1.000            9.827e-01           9.807e-01             247.320          -3.247e+01              37.392           3.950e+01     
  62.000           1.000            8.178e-01           8.158e-01             247.442          -3.259e+01              36.694           3.923e+01     
  63.000           1.000            6.532e-01           6.512e-01             247.560          -3.270e+01              35.989           3.897e+01     
  64.000           1.000            4.891e-01           4.871e-01             247.674          -3.281e+01              35.277           3.872e+01     
  65.000           1.000            3.256e-01           3.235e-01             247.782          -3.292e+01              34.558           3.847e+01     
  66.000           1.000            1.627e-01           1.606e-01             247.886          -3.303e+01              33.833           3.823e+01     
  67.000           1.000            6.494e-04          -1.457e-03             247.985          -3.314e+01              33.102           3.800e+01     
  68.000           1.000           -1.605e-01          -1.626e-01             248.079          -3.325e+01              32.364           3.777e+01     
  69.000           1.000           -3.206e-01          -3.228e-01             248.167          -3.336e+01              31.621           3.755e+01     
  70.000           1.000           -4.796e-01          -4.818e-01             248.250          -3.347e+01              30.872           3.733e+01     
  71.000           1.000           -6.374e-01          -6.396e-01             248.328          -3.358e+01              30.118           3.712e+01     
  72.000           1.000           -7.938e-01          -7.961e-01             248.400          -3.369e+01              29.359           3.691e+01     
  73.000           1.000           -9.488e-01          -9.511e-01             248.466          -3.380e+01              28.595           3.671e+01     
  74.000           1.000           -1.102e+00          -1.105e+00             248.526          -3.391e+01              27.826           3.652e+01     
  75.000           1.000           -1.254e+00          -1.256e+00             248.580          -3.401e+01              27.053           3.633e+01     
  76.000           1.000           -1.404e+00          -1.407e+00             248.628          -3.412e+01              26.276           3.615e+01     
  77.000           1.000           -1.553e+00          -1.555e+00             248.670          -3.423e+01              25.496           3.597e+01     
  78.000           1.000           -1.699e+00          -1.702e+00             248.706          -3.433e+01              24.712           3.580e+01     
  79.000           1.000           -1.844e+00          -1.846e+00             248.735          -3.444e+01              23.925           3.563e+01     
  80.000           1.000           -1.986e+00          -1.989e+00             248.758          -3.454e+01              23.135           3.547e+01     
  81.000           1.000           -2.127e+00          -2.129e+00             248.774          -3.464e+01              22.343           3.531e+01     
  82.000           1.000           -2.266e+00          -2.268e+00             248.784          -3.475e+01              21.549           3.516e+01     
  83.000           1.000           -2.402e+00          -2.405e+00             248.787          -3.485e+01              20.753           3.502e+01     
  84.000           1.000           -2.536e+00          -2.539e+00             248.783          -3.495e+01              19.957           3.488e+01     
  85.000           1.000           -2.669e+00          -2.671e+00             248.772          -3.505e+01              19.160           3.474e+01     
  86.000           1.000           -2.799e+00          -2.801e+00             248.755          -3.515e+01              18.362           3.461e+01     
  87.000           1.000           -2.927e+00          -2.929e+00             248.731          -3.525e+01              17.565           3.449e+01     
  88.000           1.000           -3.053e+00          -3.055e+00             248.701          -3.535e+01              16.768           3.437e+01     
  89.000           1.000           -3.176e+00          -3.179e+00             248.663          -3.544e+01              15.973           3.426e+01     
  90.000           1.000           -3.298e+00          -3.301e+00             248.619          -3.554e+01              15.180           3.415e+01     
  91.000           1.000           -3.418e+00          -3.420e+00             248.568          -3.564e+01              14.388           3.404e+01     
  92.000           1.000           -3.535e+00          -3.538e+00             248.510          -3.573e+01              13.600           3.394e+01     
  93.000           1.000           -3.651e+00          -3.654e+00             248.446          -3.583e+01              12.815           3.385e+01     
  94.000           1.000           -3.765e+00          -3.768e+00             248.375          -3.593e+01              12.033           3.375e+01     
  95.000           1.000           -3.877e+00          -3.880e+00             248.297          -3.602e+01              11.256           3.367e+01     
  96.000           1.000           -3.988e+00          -3.991e+00             248.213          -3.612e+01              10.484           3.359e+01     
  97.000           1.000           -4.097e+00          -4.100e+00             248.122          -3.621e+01               9.717           3.351e+01     
  98.000           1.000           -4.205e+00          -4.208e+00             248.025          -3.631e+01               8.957           3.344e+01     
  99.000           1.000           -4.312e+00          -4.314e+00             247.921          -3.640e+01               8.203           3.337e+01     
 100.000           1.000           -4.417e+00          -4.420e+00             247.812          -3.650e+01               7.456           3.330e+01     
 101.000           1.000           -4.522e+00          -4.524e+00             247.695          -3.660e+01               6.716           3.324e+01     
 102.000           1.000           -4.626e+00          -4.628e+00             247.573          -3.669e+01               5.985           3.318e+01     
 103.000           1.000           -4.729e+00          -4.731e+00             247.445          -3.679e+01               5.263           3.313e+01     
 104.000           1.000           -4.832e+00          -4.834e+00             247.310          -3.689e+01               4.549           3.308e+01     
 105.000           1.000           -4.934e+00          -4.937e+00             247.169          -3.699e+01               3.846           3.303e+01     
 106.000           1.000           -5.037e+00          -5.040e+00             247.022          -3.709e+01               3.152           3.299e+01     
 107.000           1.000           -5.140e+00          -5.143e+00             246.870          -3.719e+01               2.469           3.295e+01     
 108.000           1.000           -5.244e+00          -5.247e+00             246.711          -3.730e+01               1.798           3.291e+01     
 109.000           1.000           -5.348e+00          -5.351e+00             246.546          -3.740e+01               1.138           3.288e+01     
 110.000           1.000           -5.454e+00          -5.457e+00             246.376          -3.751e+01               0.490           3.285e+01     
 111.000           1.000           -5.561e+00          -5.563e+00             246.199          -3.762e+01             359.854           3.282e+01     
 112.000           1.000           -5.669e+00          -5.672e+00             246.016          -3.773e+01             359.231           3.280e+01     
 113.000           1.000           -5.780e+00          -5.782e+00             245.827          -3.785e+01             358.622           3.277e+01     
 114.000           1.000           -5.892e+00          -5.895e+00             245.632          -3.797e+01             358.026           3.276e+01     
 115.000           1.000           -6.007e+00          -6.010e+00             245.431          -3.809e+01             357.444           3.274e+01     
 116.000           1.000           -6.125e+00          -6.128e+00             245.223          -3.821e+01             356.877           3.272e+01     
 117.000           1.000           -6.246e+00          -6.249e+00             245.008          -3.834e+01             356.324           3.271e+01     
 118.000           1.000           -6.371e+00          -6.374e+00             244.786          -3.848e+01             355.787           3.270e+01     
 119.000           1.000           -6.500e+00          -6.502e+00             244.557          -3.861e+01             355.265           3.269e+01     
 120.000           1.000           -6.633e+00          -6.635e+00             244.321          -3.875e+01             354.760           3.268e+01     
 121.000           1.000           -6.770e+00          -6.773e+00             244.076          -3.890e+01             354.270           3.268e+01     
 122.000           1.000           -6.913e+00          -6.916e+00             243.824          -3.905e+01             353.798           3.268e+01     
 123.000           1.000           -7.062e+00          -7.064e+00             243.562          -3.921e+01             353.343           3.267e+01     
 124.000           1.000           -7.216e+00          -7.219e+00             243.291          -3.937e+01             352.906           3.268e+01     
 125.000           1.000           -7.377e+00          -7.380e+00             243.009          -3.954e+01             352.488           3.268e+01     
 126.000           1.000           -7.545e+00          -7.547e+00             242.717          -3.972e+01             352.088           3.268e+01     
 127.000           1.000           -7.720e+00          -7.723e+00             242.413          -3.990e+01             351.709           3.268e+01     
 128.000           1.000           -7.904e+00          -7.906e+00             242.096          -4.010e+01             351.349           3.269e+01     
 129.000           1.000           -8.096e+00          -8.098e+00             241.765          -4.030e+01             351.011           3.270e+01     
 130.000           1.000           -8.297e+00          -8.299e+00             241.419          -4.050e+01             350.696           3.271e+01     
 131.000           1.000           -8.508e+00          -8.511e+00             241.055          -4.072e+01             350.403           3.271e+01     
 132.000           1.000           -8.730e+00          -8.732e+00             240.674          -4.095e+01             350.135           3.273e+01     
 133.000           1.000           -8.962e+00          -8.965e+00             240.272          -4.118e+01             349.893           3.274e+01     
 134.000           1.000           -9.207e+00          -9.210e+00             239.847          -4.143e+01             349.679           3.275e+01     
 135.000           1.000           -9.465e+00          -9.467e+00             239.396          -4.169e+01             349.494           3.277e+01     
 136.000           1.000           -9.736e+00          -9.739e+00             238.917          -4.196e+01             349.340           3.278e+01     
 137.000           1.000           -1.002e+01          -1.002e+01             238.406          -4.224e+01             349.221           3.280e+01     
 138.000           1.000           -1.032e+01          -1.033e+01             237.859          -4.253e+01             349.139           3.282e+01     
 139.000           1.000           -1.064e+01          -1.064e+01             237.271          -4.284e+01             349.096           3.285e+01     
 140.000           1.000           -1.098e+01          -1.098e+01             236.637          -4.317e+01             349.098           3.287e+01     
 141.000           1.000           -1.133e+01          -1.134e+01             235.949          -4.351e+01             349.149           3.290e+01     
 142.000           1.000           -1.171e+01          -1.171e+01             235.200          -4.386e+01             349.253           3.294e+01     
 143.000           1.000           -1.211e+01          -1.211e+01             234.380          -4.424e+01             349.418           3.298e+01     
 144.000           1.000           -1.253e+01          -1.254e+01             233.479          -4.463e+01             349.652           3.303e+01     
 145.000           1.000           -1.298e+01          -1.298e+01             232.482          -4.504e+01             349.961           3.310e+01     
 146.000           1.000           -1.346e+01          -1.346e+01             231.371          -4.547e+01             350.359           3.317e+01     
 147.000           1.000           -1.397e+01          -1.397e+01             230.128          -4.593e+01             350.856           3.327e+01     
 148.000           1.000           -1.451e+01          -1.451e+01             228.725          -4.640e+01             351.468           3.340e+01     
 149.000           1.000           -1.508e+01          -1.508e+01             227.131          -4.690e+01             352.214           3.356e+01     
 150.000           1.000           -1.569e+01          -1.570e+01             225.305          -4.743e+01             353.115           3.378e+01     
 151.000           1.000           -1.635e+01          -1.635e+01             223.196          -4.798e+01             354.198           3.408e+01     
 152.000           1.000           -1.704e+01          -1.705e+01             220.738          -4.856e+01             355.495           3.449e+01     
 153.000           1.000           -1.778e+01          -1.778e+01             217.849          -4.917e+01             357.046           3.508e+01     
 154.000           1.000           -1.856e+01          -1.856e+01             214.421          -4.980e+01             358.896           3.596e+01     
 155.000           1.000           -1.938e+01          -1.938e+01             210.321          -5.046e+01               1.103           3.731e+01     
 156.000           1.000           -2.022e+01          -2.022e+01             205.390          -5.114e+01               3.731           3.958e+01     
 157.000           1.000           -2.106e+01          -2.106e+01             199.446          -5.183e+01               6.855           4.000e+01     
 158.000           1.000           -2.186e+01          -2.187e+01             192.321          -5.252e+01              10.554           4.000e+01     
 159.000           1.000           -2.257e+01          -2.257e+01             183.924          -5.320e+01              14.905           4.000e+01     
 160.000           1.000           -2.310e+01          -2.310e+01             174.348          -5.384e+01              19.963           3.803e+01     
 161.000           1.000           -2.338e+01          -2.339e+01             163.966          -5.442e+01              25.741           3.456e+01     
 162.000           1.000           -2.338e+01          -2.338e+01             153.414          -5.489e+01              32.177           3.287e+01     
 163.000           1.000           -2.310e+01          -2.310e+01             143.391          -5.523e+01              39.108           3.240e+01     
 164.000           1.000           -2.261e+01          -2.261e+01             134.414          -5.540e+01              46.275           3.280e+01     
 165.000           1.000           -2.198e+01          -2.199e+01             126.707          -5.541e+01              53.360           3.380e+01     
 166.000           1.000           -2.130e+01          -2.130e+01             120.256          -5.527e+01              60.059           3.520e+01     
 167.000           1.000           -2.059e+01          -2.059e+01             114.920          -5.499e+01              66.138           3.687e+01     
 168.000           1.000           -1.991e+01          -1.991e+01             110.518          -5.463e+01              71.469           3.874e+01     
 169.000           1.000           -1.925e+01          -1.925e+01             106.879          -5.421e+01              76.014           4.000e+01     
 170.000           1.000           -1.864e+01          -1.864e+01             103.855          -5.376e+01              79.801           4.000e+01     
 171.000           1.000           -1.808e+01          -1.808e+01             101.328          -5.330e+01              82.895           4.000e+01     
 172.000           1.000           -1.756e+01          -1.756e+01              99.205          -5.284e+01              85.372           4.000e+01     
 173.000           1.000           -1.708e+01          -1.709e+01              97.411          -5.241e+01              87.310           4.000e+01     
 174.000           1.000           -1.665e+01          -1.665e+01              95.890          -5.199e+01              88.778           4.000e+01     
 175.000           1.000           -1.626e+01          -1.626e+01              94.596          -5.160e+01              89.839           4.000e+01     
 176.000           1.000           -1.591e+01          -1.591e+01              93.495          -5.123e+01              90.542           4.000e+01     
 177.000           1.000           -1.559e+01          -1.560e+01              92.559          -5.089e+01              90.931           4.000e+01     
 178.000           1.000           -1.531e+01          -1.531e+01              91.765          -5.058e+01              91.041           4.000e+01     
 179.000           1.000           -1.507e+01          -1.507e+01              91.096          -5.028e+01              90.899           4.000e+01     
 180.000           1.000           -1.485e+01          -1.485e+01              90.538          -5.001e+01              90.544           4.000e+01     
   0.000           2.000            7.586e+00           7.581e+00             237.689          -2.156e+01              57.689           4.000e+01     
   1.000           2.000            7.577e+00           7.572e+00             237.800          -2.157e+01              57.813           4.000e+01     
   2.000           2.000            7.564e+00           7.559e+00             237.916          -2.159e+01              57.922           4.000e+01     
   3.000           2.000            7.547e+00           7.542e+00             238.034          -2.161e+01              58.014           4.000e+01     
